134
84
102
102
82
102
133
131
102
132
158
174
154
133
171
152
132
103
151
132
102
88
134
104
138
52
132
102
82
108
54
134
106
82
153
131
102
82
108

54
132
131
131
104
54
53
81
81
102
108
174
152
131
131
154
84
102
132
154
156

82
52
51
51
82
82
102
102
82
102
132
131
131
102
152
122
102
82
102
152
151
151
132
152
172
172
152
132
102
101
101
132
132
152
132
102
132
88

132
82
102
132
86
102
132
132
102
132
158
172
152
132
172
156
172
203
201
172
152
138
